1024 768
100
137 537 450 742
106 155 255 314
143 1645 515 236
148 756 723 632
90 350 454 146
123 386 432 344
50 846 319 405
54 255 473 488
97 1620 603 708
24 540 314 295
31 510 353 1285
99 87 583 252
135 40 539 352
149 1486 449 463
82 242 370 244
21 498 500 1141
144 426 1041 392
71 265 431 175
142 392 591 217
34 972 280 242
23 540 255 787
95 463 287 485
94 117 442 870
44 348 434 340
83 386 155 299
117 119 655 450
132 188 573 434
87 347 407 239
25 704 415 298
60 210 829 340
27 414 764 107
1 127 359 84
129 645 1091 297
138 113 823 535
86 961 623 233
22 68 400 503
88 187 254 371
7 115 429 229
53 868 346 183
110 433 643 120
108 8 275 711
84 212 231 351
119 753 332 242
89 166 341 118
35 10 754 311
69 634 614 196
18 8 357 385
11 840 1457 303
68 443 446 359
19 1257 706 265
73 146 757 204
26 228 383 192
40 139 316 355
58 6 354 397
136 81 264 362
145 186 524 183
80 892 387 303
5 623 475 339
2 695 847 167
49 11 620 347
103 203 417 301
47 254 1092 162
66 618 474 395
104 247 542 546
113 344 776 391
62 929 397 192
15 522 327 228
134 1093 396 542
65 266 374 440
75 125 367 718
121 129 359 295
126 26 236 176
120 21 422 301
98 381 358 623
46 280 876 363
101 254 485 118
59 580 357 327
141 51 594 246
48 234 450 282
77 252 366 150
147 372 418 418
107 120 364 627
36 255 563 344
3 473 355 449
17 535 430 484
28 553 354 186
125 527 685 372
96 394 554 550
16 302 529 355
30 231 619 299
122 413 345 545
29 1125 295 209
32 71 443 341
20 228 500 342
10 129 305 396
76 700 1345 329
61 939 385 590
114 348 792 779
45 20 685 427
116 453 401 299
