1024 768
50
36 487 533 218
27 221 464 197
79 620 563 341
59 393 733 654
83 248 431 393
90 927 456 598
41 40 597 830
28 409 695 187
78 668 390 198
52 94 403 100
15 182 412 331
33 539 215 937
68 285 332 231
93 847 864 579
66 704 503 468
45 203 396 307
55 1014 765 250
73 142 603 362
23 744 685 362
97 490 691 629
20 66 458 645
24 147 341 203
34 230 603 245
56 87 557 298
26 609 288 442
17 184 673 241
49 1330 631 171
48 276 711 530
9 623 996 156
95 29 514 225
69 142 369 569
39 724 732 435
50 52 436 412
14 540 431 646
16 744 332 176
60 105 916 389
67 1487 482 338
81 136 631 366
8 36 425 211
31 258 289 170
98 569 591 668
38 337 462 479
6 211 315 519
57 126 268 367
88 891 1242 682
4 129 434 411
65 3 815 267
77 118 512 652
61 745 798 685
76 1021 766 282